sample	change_0_0	change_0_1	change_0_2	change_1_0	change_1_1	change_1_2	change_2_0	change_2_1	change_2_2	missing_genotype_genotyping	missing_genotype_sequencing
T2DG0200003	79	0	0	1	8	0	0	0	2	1	1
T2DG0200004	83	0	0	1	2	0	0	0	5	0	1
T2DG0200005	80	0	0	0	7	0	0	0	4	1	0
T2DG0200006	79	0	0	0	5	0	0	0	6	0	2
T2DG0200008	81	0	0	0	4	0	0	0	4	0	3
T2DG0200009	80	0	0	0	7	0	0	0	3	0	2
T2DG0200012	74	0	0	0	10	0	0	0	1	0	7
T2DG0200013	79	1	0	0	4	0	0	0	5	0	3
T2DG0200018	84	0	0	0	5	0	0	0	3	0	0
T2DG0200023	82	0	0	0	4	0	0	0	5	0	1
T2DG0200031	81	0	0	0	6	0	0	0	4	0	1
T2DG0200033	82	0	0	0	6	0	0	0	4	0	0
T2DG0200034	78	0	0	0	11	0	0	0	2	0	1
T2DG0200040	81	0	0	0	4	0	0	0	5	0	2
T2DG0200041	83	0	0	0	3	0	0	0	5	1	0
T2DG0200042	75	0	0	0	5	0	0	0	6	0	6
T2DG0200045	78	0	0	0	9	0	0	0	4	0	1
T2DG0200046	76	1	0	0	6	0	0	0	5	0	4
T2DG0200047	81	0	0	0	8	0	0	0	2	0	1
T2DG0200057	78	0	0	0	5	0	0	0	4	0	5
T2DG0200059	79	0	0	0	4	0	0	0	4	0	5
T2DG0200062	79	0	0	0	6	0	0	0	5	0	2
T2DG0200063	76	0	0	0	5	0	0	0	4	0	7
T2DG0200065	79	0	0	0	3	0	0	0	4	0	6
T2DG0200068	79	0	0	0	8	0	0	0	2	1	2
T2DG0200071	77	0	0	0	9	0	0	0	4	0	2
T2DG0200072	77	0	0	0	9	0	0	0	6	0	0
T2DG0200073	73	0	0	0	8	0	0	0	6	0	5
T2DG0200075	80	0	0	0	2	0	0	0	7	0	3
T2DG0200076	79	0	0	1	3	0	0	0	4	0	5
T2DG0200077	78	0	0	0	6	0	0	0	5	0	3
T2DG0200078	78	1	0	0	6	0	0	0	6	0	1
T2DG0200079	74	0	0	0	4	0	0	0	5	0	9
T2DG0200082	81	0	0	0	4	0	0	0	5	0	2
T2DG0200086	79	0	0	0	8	0	0	0	4	0	1
T2DG0200087	78	0	0	0	7	0	0	0	5	0	2
T2DG0200091	81	0	0	0	8	0	0	0	2	0	1
T2DG0200092	75	0	0	0	7	0	0	0	4	0	6
T2DG0200095	78	0	0	0	9	0	0	0	4	0	1
T2DG0200096	81	0	0	0	0	0	0	0	6	0	5
T2DG0200098	77	0	0	0	7	0	0	0	5	0	3
T2DG0200100	78	0	0	1	3	0	0	0	4	0	6
T2DG0200103	81	0	0	0	5	0	0	0	3	0	3
T2DG0200104	76	0	0	0	4	0	0	0	5	0	7
T2DG0200105	82	0	0	0	5	0	0	0	4	0	1
T2DG0200106	81	0	0	0	4	0	0	0	3	0	4
T2DG0300107	78	0	0	0	3	0	0	0	5	0	6
T2DG0300108	77	0	0	0	5	0	0	0	6	0	4
T2DG0300109	84	0	0	0	3	0	0	0	5	0	0
T2DG0300110	80	0	0	1	7	0	0	0	4	0	0
T2DG0300112	72	0	0	0	11	0	0	0	3	0	6
T2DG0300115	77	0	0	0	1	0	0	1	7	0	6
T2DG0300121	77	0	0	1	7	0	0	0	2	1	4
T2DG0300126	80	0	0	0	4	0	0	0	4	0	4
T2DG0300128	76	0	0	0	6	0	0	0	4	0	6
T2DG0300133	77	0	0	0	9	0	0	0	3	0	3
T2DG0300135	80	0	0	0	2	0	0	0	5	0	5
T2DG0300138	77	0	0	0	9	0	0	0	5	0	1
T2DG0300139	77	0	0	0	8	0	0	0	5	0	2
T2DG0300143	77	0	0	0	6	0	0	0	4	0	5
T2DG0300147	82	0	0	0	3	0	0	0	5	0	2
T2DG0300149	78	0	0	0	9	0	0	0	3	0	2
T2DG0300151	82	0	0	0	3	0	0	0	4	0	3
T2DG0300152	74	0	0	0	10	0	0	0	5	0	3
T2DG0300155	80	0	0	0	5	0	0	0	4	0	3
T2DG0300157	82	0	0	0	5	0	0	0	4	0	1
T2DG0300158	80	0	0	0	7	0	0	0	4	0	1
T2DG0300160	76	0	0	1	7	0	0	0	4	0	4
T2DG0300172	82	0	0	0	3	0	0	0	5	0	2
T2DG0300175	81	0	0	0	3	0	0	0	6	0	2
T2DG0300179	79	0	0	0	4	0	0	0	4	0	5
T2DG0300180	79	0	0	0	5	0	0	0	5	0	3
T2DG0300181	82	0	0	0	5	0	0	0	5	0	0
T2DG0300184	76	0	0	0	5	0	0	0	8	0	3
T2DG0300189	80	0	0	0	5	0	0	0	4	0	3
T2DG0300191	84	0	0	0	0	0	0	0	7	0	1
T2DG0300192	77	0	0	0	5	0	0	0	4	0	6
T2DG0300195	75	0	0	0	13	0	0	0	3	0	1
T2DG0300199	80	0	0	0	5	0	0	0	4	0	3
T2DG0300200	80	0	0	0	6	0	0	0	3	0	3
T2DG0300201	77	0	0	0	6	0	0	0	3	0	6
T2DG0300202	82	0	0	0	2	0	0	0	4	0	4
T2DG0300203	80	0	0	0	4	0	0	0	5	0	3
T2DG0300204	79	0	0	0	5	0	0	0	4	0	4
T2DG0400218	77	0	0	1	3	0	0	0	4	0	7
T2DG0400219	79	0	0	0	1	0	0	0	6	0	6
T2DG0400234	77	0	0	0	4	0	0	0	4	0	7
T2DG0400237	79	0	0	0	4	0	0	0	4	0	5
T2DG0400238	82	0	0	0	5	0	0	0	4	0	1
T2DG0400241	80	0	0	0	7	0	0	0	2	0	3
T2DG0400243	78	0	0	0	8	0	0	0	4	0	2
T2DG0400247	84	0	0	0	4	0	0	0	2	0	2
T2DG0400250	78	0	0	0	9	0	0	0	3	0	2
T2DG0400251	79	0	0	0	9	0	0	0	3	0	1
T2DG0400254	74	0	0	1	9	0	0	0	2	3	3
T2DG0400259	76	0	0	0	4	0	0	0	5	0	7
T2DG0400260	80	0	0	1	5	0	0	0	2	0	4
T2DG0400263	83	0	0	0	4	0	0	0	3	0	2
T2DG0400264	75	0	0	1	4	0	0	0	3	0	9
T2DG0400265	80	0	0	1	5	0	0	0	2	0	4
T2DG0400273	77	0	0	0	9	0	0	0	2	0	4
T2DG0400280	73	0	0	1	8	0	0	0	3	0	7
T2DG0400287	72	0	0	1	8	0	0	0	2	1	8
T2DG0400288	77	0	0	2	4	0	0	0	5	0	4
T2DG0400289	74	0	0	1	5	0	0	0	5	0	7
T2DG0400290	80	0	0	0	6	0	0	0	2	0	4
T2DG0400291	79	0	0	1	4	0	0	0	3	2	3
T2DG0400292	75	0	0	0	11	0	0	0	2	0	4
T2DG0400294	76	0	0	0	2	0	0	0	3	0	11
T2DG0400295	73	0	0	0	14	0	0	0	2	0	3
T2DG0400297	77	0	0	0	5	0	0	0	5	0	5
T2DG0400298	63	0	0	0	15	0	0	0	2	0	12
T2DG0400299	78	0	0	0	6	0	0	0	4	1	3
T2DG0400300	69	0	0	0	9	0	0	0	2	0	12
T2DG0500309	77	0	0	0	10	0	0	0	4	0	1
T2DG0500310	78	0	0	0	3	0	0	0	6	0	5
T2DG0500312	83	0	0	0	6	0	0	0	2	0	1
T2DG0500313	79	0	0	1	7	0	0	0	2	0	3
T2DG0500318	77	0	0	0	10	0	0	0	3	0	2
T2DG0500327	76	0	0	0	7	0	0	0	5	0	4
T2DG0500329	78	0	0	0	5	0	0	0	1	0	8
T2DG0500331	74	0	0	0	7	0	0	0	4	0	7
T2DG0500332	78	0	0	0	5	0	0	0	5	0	4
T2DG0500334	77	0	0	0	6	0	0	0	4	0	5
T2DG0500335	83	0	0	0	1	0	0	0	8	0	0
T2DG0500339	78	0	0	0	5	0	0	0	5	0	4
T2DG0500346	77	0	0	0	7	0	0	0	3	0	5
T2DG0500347	84	0	0	0	0	0	0	0	5	0	3
T2DG0500349	77	0	0	0	4	0	0	0	6	0	5
T2DG0500351	81	0	0	1	5	0	0	0	3	0	2
T2DG0500352	82	0	0	1	4	0	0	0	5	0	0
T2DG0500353	80	0	0	0	4	0	0	0	5	0	3
T2DG0500356	75	0	0	0	6	0	0	0	5	0	6
T2DG0500357	77	0	0	0	6	0	0	0	5	1	3
T2DG0500358	82	0	0	0	2	0	0	0	7	0	1
T2DG0500362	83	0	0	0	2	0	0	0	7	0	0
T2DG0500364	77	0	0	0	7	0	0	0	4	0	4
T2DG0500367	79	0	0	0	8	0	0	0	3	0	2
T2DG0500370	75	0	0	0	5	0	0	0	5	0	7
T2DG0500371	78	0	0	0	6	0	0	0	7	0	1
T2DG0500373	79	0	0	0	6	0	0	0	6	0	1
T2DG0500375	80	0	0	0	7	0	0	0	4	0	1
T2DG0500379	83	0	0	0	2	0	0	0	6	0	1
T2DG0500380	77	0	0	0	8	0	0	0	4	0	3
T2DG0500381	82	0	0	0	3	0	0	0	6	0	1
T2DG0500383	74	0	0	0	7	0	0	0	5	0	6
T2DG0500384	79	0	0	0	8	0	0	0	5	0	0
T2DG0500385	85	0	0	0	4	0	0	0	2	0	1
T2DG0500387	81	0	0	0	4	0	0	0	4	0	3
T2DG0500388	77	0	0	0	10	0	0	0	3	0	2
T2DG0500389	78	0	0	0	6	0	0	0	4	0	4
T2DG0500390	79	0	0	0	4	0	0	0	6	0	3
T2DG0500391	82	0	0	0	2	0	0	0	7	0	1
T2DG0500392	79	0	0	0	6	0	0	0	4	0	3
T2DG0600393	78	0	0	0	6	0	0	0	3	0	5
T2DG0600394	87	0	0	0	4	0	0	0	1	0	0
T2DG0600396	77	0	0	0	5	0	0	0	5	0	5
T2DG0600397	78	0	0	1	4	0	0	0	4	1	4
T2DG0600400	75	0	0	0	5	0	0	0	6	0	6
T2DG0600403	75	0	0	1	8	0	0	0	3	0	5
T2DG0600410	75	0	0	1	4	0	0	0	5	0	7
T2DG0600414	81	0	0	0	6	0	0	0	3	0	2
T2DG0600421	80	0	0	0	7	0	0	0	4	0	1
T2DG0600426	77	0	0	0	4	0	0	0	4	0	7
T2DG0600427	83	0	0	0	5	0	0	0	4	0	0
T2DG0600428	82	0	0	0	2	0	0	0	5	0	3
T2DG0600432	82	0	0	1	0	0	0	0	8	0	1
T2DG0600440	78	0	0	0	4	0	0	0	7	0	3
T2DG0600442	82	0	0	0	6	0	0	0	4	0	0
T2DG0600443	84	0	0	0	3	0	0	0	5	0	0
T2DG0600445	84	0	0	0	3	0	0	0	5	0	0
T2DG0600449	78	0	0	0	6	0	0	0	4	0	4
T2DG0600453	80	0	0	0	6	0	0	0	5	0	1
T2DG0600460	83	0	0	0	4	0	0	0	2	0	3
T2DG0600461	80	0	0	0	7	0	0	0	3	0	2
T2DG0600463	79	0	0	0	3	0	0	0	6	0	4
T2DG0600464	75	0	0	1	4	0	0	0	4	1	7
T2DG0600465	68	0	0	0	10	0	0	0	2	1	11
T2DG0600466	82	0	0	0	3	0	0	0	5	0	2
T2DG0600467	79	0	0	0	3	0	0	0	5	0	5
T2DG0600468	78	0	0	0	4	0	0	0	5	0	5
T2DG0600469	73	0	0	0	6	0	0	0	4	0	9
T2DG0600470	73	0	0	1	8	0	0	0	3	0	7
T2DG0600471	81	0	0	0	3	0	0	0	5	0	3
T2DG0600474	83	0	0	0	5	0	0	0	4	0	0
T2DG0600475	81	0	0	0	3	0	0	0	4	0	4
T2DG0600476	79	0	0	0	9	0	0	0	3	0	1
T2DG0600477	81	1	0	0	5	0	0	0	2	0	3
T2DG0600478	77	0	0	1	1	0	0	0	5	3	5
T2DG0600479	79	0	0	0	0	0	0	0	8	0	5
T2DG0600480	83	0	0	0	4	0	0	0	4	0	1
T2DG0701143	73	0	0	0	4	0	0	0	5	1	9
T2DG0701151	78	0	0	0	2	0	0	0	6	0	6
T2DG0701156	73	0	0	1	7	0	0	0	5	0	6
T2DG0701163	76	0	0	0	5	0	0	0	4	0	7
T2DG0701164	74	0	0	0	10	0	0	0	2	0	6
T2DG0701169	77	0	0	0	1	0	0	0	5	0	9
T2DG0701174	70	0	0	0	9	0	0	0	4	0	9
T2DG0701179	75	0	0	0	7	0	0	0	3	0	7
T2DG0701181	75	0	0	1	2	0	0	0	7	2	5
T2DG0701188	74	0	0	0	5	0	0	0	4	0	9
T2DG0701192	79	0	0	1	4	0	0	0	5	0	3
T2DG0701194	78	0	0	0	6	0	0	0	5	0	3
T2DG0701195	76	0	0	0	12	0	0	0	4	0	0
T2DG0701196	77	0	0	1	6	0	0	0	6	0	2
T2DG0701198	76	0	0	2	5	0	0	0	4	0	5
T2DG0701199	79	0	0	1	5	0	0	0	4	0	3
T2DG0701203	78	0	0	0	1	0	0	0	9	0	4
T2DG0701204	79	0	0	0	8	0	0	0	3	0	2
T2DG0701208	79	0	0	0	7	0	0	0	4	0	2
T2DG0701209	81	0	0	0	7	0	0	0	4	0	0
T2DG0701211	77	0	0	1	7	0	0	0	4	2	1
T2DG0701212	81	0	0	0	3	0	0	0	5	0	3
T2DG0701214	76	1	0	1	7	0	0	0	4	1	2
T2DG0701216	77	0	0	1	6	0	0	0	4	0	4
T2DG0701219	77	0	0	0	12	0	0	0	3	0	0
T2DG0701220	76	0	0	1	7	0	0	0	5	0	3
T2DG0701222	69	0	0	1	7	0	0	0	3	0	12
T2DG0701225	79	0	0	1	8	0	0	0	3	0	1
T2DG0701227	78	0	0	0	9	0	0	0	3	0	2
T2DG0800485	75	0	0	0	8	0	0	0	2	0	7
T2DG0800487	75	0	0	1	6	0	0	0	4	1	5
T2DG0800488	85	0	0	0	2	0	0	0	4	0	1
T2DG0800490	79	0	0	0	6	0	0	0	4	0	3
T2DG0800492	78	0	0	0	3	0	0	0	5	3	3
T2DG0800497	75	0	0	1	5	0	0	0	3	0	8
T2DG0800498	78	0	0	1	9	0	0	0	3	0	1
T2DG0800502	81	0	0	0	3	0	0	0	5	0	3
T2DG0800504	78	0	0	0	8	0	0	0	5	0	1
T2DG0800505	80	0	0	0	2	0	0	0	4	0	6
T2DG0800509	78	0	0	0	4	0	0	0	4	0	6
T2DG0800516	84	0	0	0	5	0	0	0	3	0	0
T2DG0800517	79	0	0	1	4	0	0	0	4	0	4
T2DG0800518	83	0	0	0	5	0	0	0	4	0	0
T2DG0800520	78	0	0	0	1	0	0	0	7	0	6
T2DG0800521	84	0	0	0	1	0	0	0	7	0	0
T2DG0800529	74	0	0	0	4	0	0	0	6	0	8
T2DG0800536	81	0	0	0	7	0	0	0	3	0	1
T2DG0800537	81	0	0	0	8	0	0	0	3	0	0
T2DG0800538	82	0	0	0	3	0	0	0	6	0	1
T2DG0800541	77	0	0	0	5	0	0	0	7	0	3
T2DG0800542	84	0	0	0	1	0	0	0	6	0	1
T2DG0800547	79	0	0	1	4	0	0	0	3	0	5
T2DG0800552	77	0	0	0	3	0	0	0	5	0	7
T2DG0800554	81	0	0	0	5	0	0	0	6	0	0
T2DG0800559	80	0	0	0	6	0	0	0	4	0	2
T2DG0800561	81	0	0	0	4	0	0	0	5	0	2
T2DG0800562	83	0	0	0	3	0	0	0	5	0	1
T2DG0800564	72	0	0	1	7	0	0	0	1	1	10
T2DG0901234	80	0	0	0	7	0	0	0	3	1	1
T2DG0901240	81	0	0	0	6	0	0	0	5	0	0
T2DG0901251	83	0	0	0	5	0	0	0	4	0	0
T2DG0901260	72	0	0	1	7	0	0	0	4	0	8
T2DG0901263	80	0	0	0	6	0	0	0	5	0	1
T2DG0901264	85	0	0	0	3	0	0	0	3	0	1
T2DG0901266	75	0	0	0	11	0	0	0	4	0	2
T2DG0901267	72	0	0	0	7	0	0	0	6	0	7
T2DG0901269	75	0	0	0	7	0	0	0	2	0	8
T2DG0901270	80	0	0	0	8	0	0	0	4	0	0
T2DG0901272	76	0	0	1	5	0	0	0	1	0	9
T2DG0901273	78	0	0	0	7	0	0	0	2	0	5
T2DG0901278	75	0	0	0	5	0	0	0	4	0	8
T2DG0901279	75	0	0	1	6	0	0	0	4	0	6
T2DG0901284	77	0	0	0	4	0	0	0	2	0	9
T2DG0901285	81	0	0	1	5	0	0	0	3	0	2
T2DG0901287	75	0	0	1	4	0	0	0	6	0	6
T2DG0901289	80	0	0	0	5	0	0	0	5	0	2
T2DG0901295	82	0	0	0	5	0	0	0	4	1	0
T2DG0901296	79	0	0	1	5	0	0	0	2	0	5
T2DG0901298	81	0	0	0	0	0	0	0	8	0	3
T2DG0901299	80	0	0	0	5	0	0	0	3	0	4
T2DG0901305	80	0	0	0	3	0	0	0	4	1	4
T2DG0901307	79	0	0	1	11	0	0	0	1	0	0
T2DG0901308	76	0	0	1	4	0	0	0	2	0	9
T2DG1000565	77	0	0	0	10	0	0	0	3	0	2
T2DG1000566	80	0	0	0	6	0	0	0	4	0	2
T2DG1000567	81	0	0	0	4	0	0	0	3	0	4
T2DG1000568	85	0	0	0	2	0	0	0	5	0	0
T2DG1000569	77	0	0	0	5	0	0	0	7	0	3
T2DG1000570	75	0	0	0	4	0	0	0	4	0	9
T2DG1000582	74	0	0	0	8	0	0	0	4	0	6
T2DG1000586	70	0	0	0	10	0	0	0	4	0	8
T2DG1000591	78	0	0	0	5	0	0	0	6	0	3
T2DG1000592	77	0	0	0	6	0	0	0	6	0	3
T2DG1000595	80	0	0	0	7	0	0	0	4	0	1
T2DG1000597	81	1	0	0	3	0	0	0	6	0	1
T2DG1000598	79	0	0	0	8	0	0	0	5	0	0
T2DG1000599	73	0	0	1	2	0	0	0	4	0	12
T2DG1000604	82	0	0	0	3	0	0	0	7	0	0
T2DG1000606	76	0	0	0	7	0	0	0	5	0	4
T2DG1000607	79	0	0	0	4	0	0	0	6	0	3
T2DG1000611	80	0	0	0	1	0	0	0	7	0	4
T2DG1000612	81	0	0	0	2	0	0	0	8	0	1
T2DG1000613	80	0	0	0	2	0	0	0	7	0	3
T2DG1000614	80	0	0	0	5	0	0	0	7	0	0
T2DG1000616	79	0	0	0	4	0	0	0	6	0	3
T2DG1000618	77	0	0	0	7	0	0	0	4	0	4
T2DG1000620	76	0	0	0	6	0	0	0	6	0	4
T2DG1000627	79	0	0	0	7	0	0	0	3	0	3
T2DG1000628	78	0	0	0	3	0	0	0	5	0	6
T2DG1000629	78	0	0	0	6	1	0	0	3	0	4
T2DG1000630	78	0	0	0	9	0	0	0	3	0	2
T2DG1000633	80	0	0	0	6	0	0	0	6	0	0
T2DG1000634	76	0	0	1	5	0	0	0	5	0	5
T2DG1000635	80	0	0	0	7	0	0	0	5	0	0
T2DG1000636	81	0	0	0	2	0	0	0	8	0	1
T2DG1000637	74	0	0	0	6	0	0	0	5	0	7
T2DG1000638	79	0	0	0	7	0	0	0	4	0	2
T2DG1000639	77	0	0	0	6	0	0	0	3	0	6
T2DG1000640	80	0	0	0	6	0	0	0	5	0	1
T2DG1000642	76	0	0	0	7	0	0	0	6	0	3
T2DG1000643	80	0	0	0	4	0	0	0	5	0	3
T2DG1000644	74	0	0	0	8	0	0	0	4	0	6
T2DG1000646	77	0	0	0	7	0	0	0	5	0	3
T2DG1000647	74	0	0	0	2	0	0	0	6	0	10
T2DG1101320	68	0	0	1	5	0	0	0	3	2	13
T2DG1101324	82	1	0	0	1	0	0	0	5	0	3
T2DG1101325	80	0	0	0	7	0	0	0	5	0	0
T2DG1101329	83	0	0	0	4	0	0	0	4	0	1
T2DG1101330	77	0	0	0	4	0	0	0	3	0	8
T2DG1101334	82	0	0	0	3	0	0	0	5	0	2
T2DG1101335	82	0	0	0	3	0	0	0	5	0	2
T2DG1101338	80	0	0	1	1	0	0	0	6	0	4
T2DG1101339	80	0	0	0	6	0	0	0	5	0	1
T2DG1101341	77	0	0	0	6	0	0	0	5	0	4
T2DG1101342	78	0	0	0	6	0	0	0	6	0	2
T2DG1101343	76	0	0	0	7	0	0	0	5	0	4
T2DG1101344	74	0	0	0	5	0	0	0	5	0	8
T2DG1101348	77	0	0	0	8	0	0	0	6	0	1
T2DG1101354	78	0	0	0	6	0	0	0	2	0	6
T2DG1101356	83	0	0	0	6	0	0	0	3	0	0
T2DG1101369	67	0	0	0	8	0	0	0	3	0	14
T2DG1101370	81	0	0	0	5	0	0	0	4	0	2
T2DG1101372	77	0	0	0	7	0	0	0	4	0	4
T2DG1101377	81	0	0	0	5	0	0	0	5	0	1
T2DG1101382	78	0	0	1	5	0	0	0	5	1	2
T2DG1101383	80	0	0	0	5	0	0	0	5	0	2
T2DG1101385	82	0	0	0	3	0	0	0	6	0	1
T2DG1101387	78	0	0	0	8	0	0	0	5	0	1
T2DG1101389	74	0	0	1	5	0	0	0	3	0	9
T2DG1101390	80	0	0	0	6	0	0	0	4	0	2
T2DG1400648	76	0	0	0	14	0	0	0	2	0	0
T2DG1400661	77	0	0	0	10	0	0	0	4	0	1
T2DG1400668	79	0	0	0	10	0	0	0	3	0	0
T2DG1400674	79	1	0	2	5	0	0	0	3	2	0
T2DG1400677	77	0	0	0	11	0	0	0	4	0	0
T2DG1400682	84	0	0	0	3	0	0	0	5	0	0
T2DG1400683	84	0	0	0	4	0	0	0	4	0	0
T2DG1400684	80	0	0	1	5	0	0	0	4	0	2
T2DG1400685	75	0	0	0	9	0	0	0	7	0	1
T2DG1400686	86	0	0	0	1	0	0	0	5	0	0
T2DG1400687	81	0	0	0	6	0	0	0	4	0	1
T2DG1400688	79	0	0	0	10	0	0	0	3	0	0
T2DG1400690	77	0	0	0	11	0	0	0	2	0	2
T2DG1400693	78	0	0	1	4	0	0	0	7	0	2
T2DG1400694	78	1	0	0	7	0	0	0	6	0	0
T2DG1400696	80	0	0	0	10	0	0	0	2	0	0
T2DG1400697	81	0	0	0	7	0	0	0	4	0	0
T2DG1400698	84	0	0	0	3	0	0	0	5	0	0
T2DG1400702	79	0	0	0	5	0	0	0	6	1	1
T2DG1400705	77	0	0	0	10	0	0	0	4	0	1
T2DG1500710	80	0	0	0	6	0	0	0	6	0	0
T2DG1500711	81	0	0	0	5	0	0	0	5	0	1
T2DG1500712	82	0	0	0	6	0	0	0	4	0	0
T2DG1500713	84	0	0	0	3	0	0	0	4	0	1
T2DG1500729	80	0	0	0	10	0	0	0	2	0	0
T2DG1500731	78	0	0	0	10	0	0	0	4	0	0
T2DG1500733	79	1	0	1	2	0	0	0	6	0	3
T2DG1500734	83	1	0	0	6	0	0	0	2	0	0
T2DG1500735	80	0	0	1	8	0	0	1	2	0	0
T2DG1500736	78	1	0	0	10	0	0	0	3	0	0
T2DG1500738	78	0	0	0	7	0	0	0	7	0	0
T2DG1500739	82	0	0	0	9	0	0	0	1	0	0
T2DG1500742	79	0	0	0	11	0	0	0	2	0	0
T2DG1500748	83	1	0	0	0	0	0	0	6	0	2
T2DG1500749	81	0	0	0	7	0	0	0	3	0	1
T2DG1500750	78	1	0	1	6	0	0	0	4	0	2
T2DG1500751	82	0	0	0	8	0	0	0	2	0	0
T2DG1500752	78	0	0	1	7	0	0	0	3	1	2
T2DG1500753	78	1	0	1	9	0	0	0	3	0	0
T2DG1500754	77	0	0	1	9	0	0	0	2	2	1
T2DG1500755	83	0	0	0	2	0	0	0	7	0	0
T2DG1500756	77	0	0	0	11	0	0	0	2	0	2
T2DG1500758	79	0	0	1	9	0	0	0	2	1	0
T2DG1500760	83	0	0	0	4	0	0	0	5	0	0
T2DG1500762	83	0	0	0	3	0	0	0	6	0	0
T2DG1500763	82	0	0	0	3	0	0	0	6	0	1
T2DG1500765	85	0	0	0	0	0	0	0	6	0	1
T2DG1500766	81	0	0	0	10	0	0	0	1	0	0
T2DG1600767	75	0	0	0	5	0	0	0	6	1	5
T2DG1600768	76	0	0	0	8	0	0	0	5	0	3
T2DG1600771	77	0	0	0	9	0	0	0	5	0	1
T2DG1600772	78	0	0	1	6	0	0	0	4	0	3
T2DG1600774	78	0	0	1	2	0	0	0	4	0	7
T2DG1600776	76	0	0	0	5	0	0	0	5	0	6
T2DG1600778	80	0	0	0	2	0	0	0	5	0	5
T2DG1600784	75	0	0	1	6	0	0	0	5	1	4
T2DG1600785	78	0	0	0	0	0	0	0	6	0	8
T2DG1600786	77	0	0	1	5	0	0	0	6	1	2
T2DG1600799	78	0	0	0	8	0	0	0	3	0	3
T2DG1600800	80	0	0	0	8	0	0	0	3	0	1
T2DG1600804	79	0	0	0	10	0	0	0	2	0	1
T2DG1600805	79	0	0	0	8	0	0	0	2	0	3
T2DG1600807	85	0	0	0	3	0	0	0	3	0	1
T2DG1600809	76	0	0	0	9	0	0	0	5	0	2
T2DG1600810	77	0	0	0	6	0	0	0	4	2	3
T2DG1600811	75	0	0	0	8	0	0	0	4	0	5
T2DG1600812	85	0	0	0	2	0	0	0	4	0	1
T2DG1600814	83	0	0	0	3	0	0	0	6	0	0
T2DG1600815	80	0	0	0	2	0	0	0	8	0	2
T2DG1600816	72	0	0	1	10	0	0	0	5	3	1
T2DG1600821	81	0	0	0	1	0	0	0	4	0	6
T2DG1600822	80	0	0	0	7	0	0	0	4	0	1
T2DG1600823	76	0	0	0	8	0	0	0	3	0	5
T2DG1700824	80	0	0	0	4	0	0	0	5	0	3
T2DG1700836	75	0	0	1	5	0	0	0	5	2	4
T2DG1700841	83	0	0	0	5	0	0	0	4	0	0
T2DG1700845	77	0	0	1	4	0	0	0	6	0	4
T2DG1700846	80	0	0	0	7	0	0	0	3	0	2
T2DG1700853	81	0	0	0	6	0	0	0	2	0	3
T2DG1700861	78	0	0	0	3	0	0	0	4	0	7
T2DG1700870	82	0	0	0	4	0	0	0	4	0	2
T2DG1700872	79	0	0	0	2	0	0	0	3	0	8
T2DG1700875	79	0	0	0	6	0	0	0	1	0	6
T2DG1700876	80	0	0	0	4	0	0	0	8	0	0
T2DG1700878	72	0	0	0	10	0	0	0	3	0	7
T2DG1700879	76	1	0	0	7	0	0	0	5	0	3
T2DG2000882	72	0	0	0	11	1	0	0	6	0	2
T2DG2000890	73	0	0	0	8	1	0	0	5	0	5
T2DG2000892	73	0	0	0	6	0	0	0	4	0	9
T2DG2000897	71	0	0	0	7	0	0	0	7	0	7
T2DG2000900	78	0	0	0	5	0	0	0	4	0	5
T2DG2000901	79	0	0	0	6	0	0	0	6	0	1
T2DG2000903	74	0	0	0	7	0	0	0	6	0	5
T2DG2000905	80	0	0	0	4	0	0	0	5	0	3
T2DG2000907	81	0	0	0	3	0	0	0	6	0	2
T2DG2000908	80	0	0	0	4	0	0	0	7	0	1
T2DG2000914	74	0	0	1	7	0	0	0	6	0	4
T2DG2000915	78	0	0	0	5	0	0	0	8	0	1
T2DG2000920	72	0	0	0	11	0	0	0	3	0	6
T2DG2000921	75	0	0	0	8	0	0	0	3	0	6
T2DG2000925	84	0	0	0	1	0	0	0	6	0	1
T2DG2000926	77	0	0	0	8	0	0	0	4	0	3
T2DG2000927	80	0	0	0	3	0	0	0	8	0	1
T2DG2000928	82	0	0	0	1	0	0	0	7	0	2
T2DG2000930	81	0	0	0	9	0	0	0	1	0	1
T2DG2100938	82	0	0	0	4	0	0	0	5	0	1
T2DG2100939	80	0	0	0	7	0	0	0	4	0	1
T2DG2100946	78	0	0	1	6	0	0	0	5	0	2
T2DG2100947	75	0	0	0	11	0	0	0	5	0	1
T2DG2100950	73	2	0	1	10	0	0	0	5	0	1
T2DG2100952	80	0	0	0	9	0	0	0	3	0	0
T2DG2100954	83	0	0	0	2	0	0	0	6	0	1
T2DG2100964	78	0	0	0	9	0	0	0	4	0	1
T2DG2100966	79	0	0	0	12	0	0	0	1	0	0
T2DG2100968	77	0	0	1	4	0	0	0	7	0	3
T2DG2100977	79	0	0	1	6	0	0	0	4	0	2
T2DG2300980	79	0	0	0	7	0	0	0	2	0	4
T2DG2300981	78	0	0	0	8	0	0	0	5	0	1
T2DG2300982	85	0	0	0	4	0	0	0	3	0	0
T2DG2300983	82	0	0	0	4	0	0	0	5	0	1
T2DG2300998	81	0	0	0	7	0	0	0	3	0	1
T2DG2301001	83	0	0	0	4	0	0	0	5	0	0
T2DG2301005	82	0	0	0	4	0	0	0	5	0	1
T2DG2301009	79	0	0	0	8	0	0	0	4	0	1
T2DG2301010	81	0	0	0	9	0	0	0	2	0	0
T2DG2301022	79	0	0	1	6	0	0	0	4	0	2
T2DG2301025	82	0	0	0	3	0	0	0	7	0	0
T2DG2501026	82	0	0	0	5	0	0	0	3	0	2
T2DG2501033	85	0	0	0	1	0	0	0	5	0	1
T2DG2501035	84	0	0	0	4	0	0	0	4	0	0
T2DG2501039	80	0	0	0	10	0	0	0	2	0	0
T2DG2501043	82	1	0	0	4	0	0	0	5	0	0
T2DG2501045	80	1	0	0	6	0	0	0	4	0	1
T2DG2501047	79	0	0	0	5	0	0	0	5	0	3
T2DG2501048	82	0	0	1	6	0	0	0	3	0	0
T2DG2501051	82	0	0	0	8	0	0	0	2	0	0
T2DG2501052	78	0	0	0	10	0	0	0	2	0	2
T2DG2501054	83	1	0	0	3	0	0	0	5	0	0
T2DG2501056	81	0	0	0	7	0	0	0	4	0	0
T2DG2501057	83	1	0	0	4	0	0	0	4	0	0
T2DG2501062	84	0	0	0	2	0	0	0	5	0	1
T2DG2501064	82	1	0	0	4	0	0	0	4	0	1
T2DG2501065	84	0	0	0	6	0	0	0	2	0	0
T2DG2501066	83	0	0	0	6	0	0	0	3	0	0
T2DG2501067	80	0	0	0	4	0	0	0	5	1	2
T2DG2501068	79	0	0	0	9	0	0	0	3	1	0
T2DG2501069	83	0	0	0	4	0	0	0	3	1	1
T2DG2701071	79	0	0	0	6	0	0	0	5	0	2
T2DG2701073	72	0	0	0	9	0	0	0	4	0	7
T2DG2701079	83	0	0	0	5	0	0	0	3	0	1
T2DG2701083	81	0	0	0	4	0	0	0	6	0	1
T2DG2701085	78	0	0	1	8	0	0	0	3	1	1
T2DG2701086	83	0	0	0	6	0	0	0	3	0	0
T2DG2701088	82	0	0	0	5	0	0	0	3	0	2
T2DG2701091	79	0	0	1	10	0	0	0	1	0	1
T2DG2701093	83	0	0	0	6	0	0	0	3	0	0
T2DG2701094	79	0	0	1	5	0	0	0	3	0	4
T2DG2701096	79	0	0	1	0	0	0	0	8	0	4
T2DG2701107	79	0	0	1	3	0	0	0	6	0	3
T2DG2701111	76	1	0	1	6	0	0	0	4	1	3
T2DG2701113	69	0	0	1	11	0	0	0	3	3	5
T2DG4701119	83	0	0	0	4	0	0	0	4	0	1
T2DG4701121	80	0	0	0	5	0	0	0	4	0	3
T2DG4701123	79	0	0	0	5	0	0	0	4	0	4
T2DG4701124	82	0	0	0	6	0	0	0	1	0	3
T2DG4701127	74	0	0	0	7	0	0	0	4	0	7
T2DG4701128	76	0	0	1	6	0	0	0	4	0	5
T2DG4701129	79	0	0	1	7	0	0	0	4	0	1
T2DG4701130	82	0	0	1	1	0	0	0	5	1	2
T2DG4701133	81	0	0	0	3	0	0	0	4	0	4
T2DG9601398	82	0	0	0	4	0	0	0	5	1	0
T2DG9801400	79	0	0	0	10	0	0	0	3	0	0
T2DG9901401	76	0	0	0	10	0	0	0	4	0	2
